0	1
1	1
2	1
3	1
4	0
5	1
6	0
7	0
8	1
9	1
10	2
11	0
12	2
13	1
14	1
15	1
16	0
17	0
18	2
19	0
20	2
21	2
22	2
23	2
24	2
25	2
26	2
27	2
28	1
29	2
30	2
31	1
32	1
33	2
34	2
35	0
36	2
37	0
38	1
39	2
40	2
41	1
42	2
43	1
44	2
45	2
46	1
47	2
48	2
49	2
50	1
51	1
52	1
53	0
54	2
55	1
56	1
57	0
58	0
59	1
60	2
61	2
62	1
63	0
64	2
65	2
66	2
67	2
68	1
69	2
70	1
71	2
72	2
73	1
74	1
75	0
76	2
77	2
78	1
79	1
80	0
81	1
82	2
83	0
84	2
85	1
86	1
87	1
88	2
89	1
90	1
91	0
92	2
93	0
94	2
95	2
96	1
97	2
98	1
99	1
100	2
101	2
102	1
103	2
104	2
105	1
106	1
107	2
108	2
109	1
110	0
111	2
112	1
113	2
114	1
115	0
116	2
117	2
118	2
119	2
120	0
121	2
122	0
123	2
124	2
125	1
126	1
127	2
128	0
129	2
130	0
131	0
132	1
133	2
134	0
135	2
136	0
137	1
138	0
139	0
140	1
141	2
142	1
143	1
144	2
145	1
146	0
147	2
148	1
149	2
150	0
151	1
152	1
153	1
154	2
155	2
156	1
157	1
158	2
159	0
160	2
161	2
162	2
163	1
164	0
165	1
166	2
167	0
168	2
169	2
170	1
171	2
172	2
173	2
174	1
175	2
176	1
177	2
178	2
179	1
180	1
181	2
182	0
183	1
184	2
185	2
186	1
187	1
188	2
189	1
190	1
191	0
192	1
193	1
194	2
195	2
196	1
197	2
198	2
199	1
200	2
201	1
202	0
203	1
204	2
205	2
206	1
207	1
208	1
209	2
210	0
211	2
212	2
213	2
214	2
215	2
216	2
217	1
218	2
219	2
220	2
221	2
222	1
223	2
224	1
225	1
226	1
227	2
228	1
229	2
230	2
231	1
232	2
233	2
234	0
235	2
236	0
237	1
238	0
239	1
240	2
241	2
242	0
243	2
244	1
245	1
246	1
247	2
248	1
249	2
250	2
251	2
252	2
253	0
254	1
255	1
256	2
257	2
258	1
259	2
260	1
261	1
262	2
263	0
264	0
265	1
266	2
267	1
268	2
269	1
270	1
271	1
272	2
273	0
274	0
275	0
276	2
277	1
278	2
279	2
280	2
281	0
282	1
283	2
284	2
285	1
286	1
287	1
288	2
289	2
290	1
291	0
292	2
293	1
294	1
295	0
296	2
297	1
298	1
299	1
300	2
301	1
302	0
303	1
304	2
305	2
306	0
307	1
308	2
309	0
310	1
311	1
312	1
313	2
314	0
315	0
316	1
317	0
318	0
319	2
320	2
321	0
322	2
323	2
324	0
325	2
326	2
327	0
328	2
329	0
330	1
331	2
332	2
333	0
334	1
335	0
336	2
337	2
338	2
339	1
340	2
341	1
342	1
343	1
344	1
345	2
346	1
347	0
348	0
349	2
350	2
351	2
352	2
353	1
354	2
355	2
356	1
357	1
358	0
359	1
360	2
361	1
362	0
363	1
364	1
365	0
366	1
367	1
368	2
369	1
370	2
371	1
372	1
373	2
374	2
375	1
376	2
377	2
378	2
379	2
380	0
381	1
382	2
383	0
384	2
385	0
386	0
387	0
388	1
389	1
390	2
391	1
392	1
393	1
394	1
395	0
396	2
397	1
398	2
399	1
400	0
401	0
402	2
403	0
404	2
405	0
406	1
407	1
408	1
409	2
410	1
411	0
412	0
413	2
414	1
415	1
416	2
417	1
418	1
419	2
420	0
421	2
422	0
423	1
424	2
425	2
426	2
427	2
428	2
429	0
430	1
431	1
432	2
433	1
434	0
435	1
436	1
437	0
438	2
439	2
440	2
441	2
442	2
443	1
444	2
445	2
446	2
447	1
448	0
449	2
450	2
451	2
452	2
453	2
454	1
455	2
456	1
457	1
458	0
459	2
460	0
461	0
462	0
463	2
464	1
465	0
466	0
467	2
468	0
469	0
470	1
471	2
472	2
473	1
474	2
475	1
476	0
477	1
478	1
479	1
480	1
481	1
482	2
483	2
484	2
485	1
486	1
487	2
488	1
489	1
490	1
491	1
492	1
493	1
494	0
495	2
496	0
497	0
498	2
499	1
500	1
501	1
502	2
503	1
504	0
505	0
506	1
507	2
508	1
509	1
510	1
511	1
512	2
513	2
514	0
515	2
516	1
517	2
518	2
519	2
520	2
521	2
522	1
523	1
524	1
525	2
526	1
527	1
528	2
529	1
530	1
531	2
532	2
533	0
534	1
535	2
536	1
537	0
538	1
539	1
540	2
541	2
542	2
543	1
544	1
545	1
546	2
547	0
548	2
549	2
550	1
551	1
552	2
553	2
554	2
555	2
556	2
557	2
558	0
559	2
560	1
561	0
562	2
563	0
564	2
565	2
566	2
567	1
568	2
569	2
570	2
571	0
572	1
573	2
574	2
575	1
576	1
577	1
578	2
579	2
580	2
581	2
582	1
583	1
584	1
585	1
586	1
587	2
588	1
589	2
590	2
591	0
592	1
593	1
594	0
595	0
596	2
597	1
598	2
599	1
600	1
601	0
602	1
603	1
604	1
605	2
606	2
607	2
608	0
609	1
610	1
611	2
612	1
613	2
614	1
615	1
616	2
617	1
618	2
619	0
620	2
621	2
622	1
623	1
624	0
625	1
626	2
627	2
628	2
629	2
630	0
631	1
632	2
633	1
634	2
635	1
636	1
637	2
638	2
639	1
640	0
641	1
642	1
643	2
644	0
645	1
646	2
647	2
648	2
649	2
650	1
651	1
652	2
653	0
654	1
655	1
656	2
657	0
658	1
659	1
660	0
661	1
662	1
663	2
664	2
665	2
666	1
667	2
668	0
669	2
670	2
671	1
672	2
673	2
674	1
675	0
676	2
677	1
678	2
679	2
680	1
681	1
682	1
683	2
684	2
685	0
686	2
687	1
688	2
689	2
690	2
691	0
692	2
693	2
694	2
695	1
696	2
697	2
698	2
699	1
700	1
701	1
702	2
703	2
704	1
705	2
706	1
707	1
708	1
709	1
710	2
711	1
712	1
713	1
714	2
715	2
716	1
717	2
718	2
719	2
720	1
721	2
722	2
723	1
724	1
725	1
726	1
727	1
728	0
729	2
730	2
731	1
732	1
733	1
734	2
735	2
736	1
737	1
738	1
739	2
740	2
741	1
742	2
743	2
744	1
745	2
746	2
747	2
748	2
749	1
750	1
751	2
752	2
753	1
754	2
755	0
756	2
757	2
758	1
759	2
760	1
761	2
762	0
763	2
764	2
765	1
766	0
767	2
768	0
769	1
770	1
771	2
772	0
773	1
774	2
775	1
776	1
777	1
778	2
779	1
780	1
781	2
782	1
783	1
784	1
785	1
786	2
787	2
788	1
789	2
790	2
791	1
792	0
793	0
794	2
795	2
796	2
797	1
798	2
799	2
800	1
801	2
802	0
803	0
804	2
805	2
806	2
807	2
808	2
809	1
810	2
811	2
812	1
813	2
814	2
815	1
816	1
817	1
818	1
819	2
820	1
821	1
822	1
823	1
824	1
825	2
826	1
827	2
828	2
829	2
830	2
831	2
832	1
833	2
834	2
835	2
836	2
837	2
838	1
839	2
840	0
841	0
842	0
843	2
844	2
845	1
846	0
847	1
848	2
849	1
850	2
851	2
852	2
853	1
854	2
855	2
856	1
857	1
858	0
859	0
860	2
861	2
862	1
863	1
864	1
865	2
866	2
867	2
868	2
869	1
870	1
871	1
872	2
873	2
874	1
875	2
876	2
877	2
878	1
879	2
880	2
881	1
882	0
883	0
884	1
885	1
886	2
887	1
888	1
889	2
890	2
891	2
892	2
893	1
894	2
895	1
896	2
897	2
898	2
899	1
900	2
901	1
902	1
903	0
904	0
905	0
906	1
907	0
908	0
909	1
910	2
911	2
912	2
913	2
914	0
915	0
916	0
917	1
918	2
919	0
920	0
921	2
922	2
923	0
924	0
925	2
926	2
927	1
928	2
929	2
930	1
931	2
932	2
933	1
934	2
935	2
936	0
937	1
938	1
939	1
940	2
941	1
942	0
943	1
944	0
945	1
946	1
947	2
948	2
949	1
950	0
951	2
952	2
953	2
954	0
955	1
956	1
957	1
958	1
959	0
960	0
961	2
962	0
963	1
964	2
965	1
966	1
967	1
968	2
969	2
970	1
971	0
972	0
973	2
974	0
975	0
976	1
977	2
978	1
979	1
980	2
981	0
982	1
983	2
984	0
985	1
986	2
987	2
988	1
989	1
990	2
991	2
992	1
993	2
994	2
995	2
996	0
997	2
998	2
999	1
1000	1
1001	2
1002	1
1003	1
1004	0
1005	1
1006	0
1007	2
1008	2
1009	2
1010	2
1011	2
1012	1
1013	2
1014	0
1015	2
1016	2
1017	1
1018	2
1019	2
1020	2
1021	2
1022	1
1023	2
1024	0
1025	0
1026	0
1027	0
1028	0
1029	1
1030	0
1031	0
1032	0
1033	1
1034	1
1035	0
1036	0
1037	2
1038	0
1039	0
1040	0
1041	0
1042	1
1043	0
1044	1
1045	2
1046	1
1047	1
1048	0
1049	2
1050	2
1051	2
1052	2
1053	1
1054	2
1055	1
1056	0
1057	1
1058	1
1059	2
1060	2
1061	2
1062	1
1063	2
1064	2
1065	2
1066	2
1067	2
1068	2
1069	1
1070	0
1071	2
1072	0
1073	1
1074	0
1075	0
1076	1
1077	0
1078	2
1079	0
1080	1
1081	1
1082	1
1083	2
1084	1
1085	1
1086	1
1087	1
1088	1
1089	1
1090	1
1091	1
1092	1
1093	2
1094	1
1095	1
1096	1
1097	2
1098	2
1099	2
1100	1
1101	2
1102	0
1103	1
1104	1
1105	0
1106	2
1107	1
1108	2
1109	1
1110	1
1111	2
1112	2
1113	0
1114	1
1115	0
1116	2
1117	0
1118	2
1119	0
1120	1
1121	2
1122	1
1123	2
1124	2
1125	2
1126	2
1127	2
1128	1
1129	1
1130	0
1131	1
1132	0
1133	0
1134	2
1135	2
1136	0
1137	0
1138	1
1139	0
1140	1
1141	1
1142	2
1143	1
1144	2
1145	2
1146	2
1147	1
1148	1
1149	1
1150	1
1151	2
1152	0
1153	2
1154	1
1155	2
1156	2
1157	2
1158	1
1159	2
1160	0
1161	2
1162	2
1163	0
1164	1
1165	1
1166	0
1167	2
1168	1
1169	1
1170	1
1171	2
1172	2
1173	1
1174	1
1175	2
1176	0
1177	2
1178	0
1179	1
1180	2
1181	1
1182	0
1183	0
1184	1
1185	0
1186	0
1187	1
1188	1
1189	1
1190	2
1191	2
1192	2
1193	2
1194	0
1195	2
1196	2
1197	1
1198	0
1199	0
1200	0
1201	2
1202	0
1203	2
1204	1
1205	2
1206	1
1207	2
1208	0
1209	2
1210	2
1211	2
1212	1
1213	2
1214	0
1215	2
1216	2
1217	1
1218	0
1219	1
1220	2
1221	2
1222	0
1223	1
1224	1
1225	1
1226	1
1227	2
1228	2
1229	1
1230	2
1231	1
1232	2
1233	2
1234	2
1235	2
1236	2
1237	2
1238	2
1239	2
1240	1
1241	1
1242	0
1243	2
1244	2
1245	2
1246	2
1247	2
1248	2
1249	0
1250	1
1251	2
1252	1
1253	2
1254	0
1255	2
1256	2
1257	2
1258	2
1259	0
1260	1
1261	0
1262	2
1263	2
1264	2
1265	2
1266	1
1267	1
1268	1
1269	1
1270	1
1271	2
1272	1
1273	2
1274	2
1275	1
1276	1
1277	2
1278	1
1279	2
1280	0
1281	2
1282	0
1283	1
1284	2
1285	2
1286	2
1287	2
1288	2
1289	2
1290	1
1291	1
1292	2
1293	1
1294	2
1295	0
1296	0
1297	0
1298	1
1299	1
1300	0
1301	1
1302	0
1303	1
1304	2
1305	2
1306	1
1307	0
1308	2
1309	2
1310	0
1311	0
1312	0
1313	1
1314	2
1315	1
1316	2
1317	1
1318	2
1319	1
1320	0
1321	0
1322	2
1323	2
1324	0
1325	1
1326	1
1327	2
1328	0
1329	1
1330	0
1331	2
1332	2
1333	1
1334	2
1335	2
1336	1
1337	2
1338	1
1339	2
1340	2
1341	1
1342	2
1343	2
1344	1
1345	1
1346	1
1347	1
1348	1
1349	2
1350	0
1351	0
1352	0
1353	2
1354	2
1355	1
1356	1
1357	1
1358	2
1359	2
1360	2
1361	1
1362	2
1363	1
1364	2
1365	1
1366	2
1367	2
1368	1
1369	1
1370	1
1371	1
1372	0
1373	2
1374	2
1375	1
1376	1
1377	1
1378	0
1379	0
1380	0
1381	1
1382	1
1383	2
1384	2
1385	1
1386	1
1387	2
1388	2
1389	1
1390	2
1391	2
1392	0
1393	1
1394	1
1395	1
1396	1
1397	1
1398	1
1399	2
1400	2
1401	1
1402	1
1403	1
1404	2
1405	2
1406	2
1407	1
1408	2
1409	1
1410	1
1411	1
1412	1
1413	2
1414	0
1415	0
1416	1
1417	1
1418	2
1419	1
1420	2
1421	2
1422	0
1423	0
1424	1
1425	2
1426	1
1427	0
1428	0
1429	2
1430	2
1431	2
1432	2
1433	2
1434	2
1435	1
1436	2
1437	2
1438	1
1439	2
1440	2
1441	2
1442	2
1443	2
1444	2
1445	2
1446	2
1447	2
1448	2
1449	1
1450	2
1451	2
1452	2
1453	2
1454	0
1455	0
1456	2
1457	2
1458	2
1459	1
1460	2
1461	2
1462	2
1463	2
1464	1
1465	2
1466	1
1467	1
1468	1
1469	1
1470	1
1471	2
1472	0
1473	0
1474	0
1475	1
1476	1
1477	1
1478	0
1479	1
1480	2
1481	2
1482	2
1483	0
1484	1
1485	0
1486	1
1487	1
1488	1
1489	2
1490	0
1491	2
1492	2
1493	0
1494	2
1495	2
1496	1
1497	0
1498	1
1499	2
1500	1
1501	1
1502	1
1503	1
1504	1
1505	1
1506	1
1507	0
1508	1
1509	1
1510	2
1511	1
1512	1
1513	1
1514	1
1515	1
1516	1
1517	1
1518	0
1519	1
1520	1
1521	2
1522	2
1523	1
1524	1
1525	2
1526	2
1527	2
1528	2
1529	2
1530	1
1531	1
1532	2
1533	2
1534	2
1535	1
1536	2
1537	1
1538	1
1539	1
1540	1
1541	2
1542	1
1543	2
1544	1
1545	0
1546	1
1547	1
1548	1
1549	2
1550	1
1551	2
1552	0
1553	2
1554	1
1555	1
1556	1
1557	1
1558	2
1559	2
1560	0
1561	2
1562	2
1563	2
1564	1
1565	1
1566	0
1567	2
1568	1
1569	2
1570	2
1571	2
1572	1
1573	1
1574	1
1575	2
1576	2
1577	1
1578	1
1579	1
1580	1
1581	2
1582	2
1583	1
1584	1
1585	1
1586	1
1587	1
1588	2
1589	1
1590	1
1591	2
1592	1
1593	2
1594	1
1595	2
1596	0
1597	2
1598	1
1599	0
1600	1
1601	1
1602	1
1603	2
1604	2
1605	1
1606	2
1607	2
1608	2
1609	1
1610	2
1611	2
1612	1
1613	2
1614	1
1615	0
1616	0
1617	1
1618	0
1619	2
1620	2
1621	2
1622	2
1623	2
1624	1
1625	2
1626	2
1627	2
1628	1
1629	2
1630	2
1631	2
1632	2
1633	1
1634	1
1635	2
1636	2
1637	2
1638	2
1639	2
1640	2
1641	2
1642	2
1643	2
1644	2
1645	1
1646	1
1647	2
1648	1
1649	2
1650	1
1651	1
1652	1
1653	1
1654	1
1655	1
1656	1
1657	2
1658	1
1659	1
1660	0
1661	1
1662	1
1663	0
1664	1
1665	2
1666	1
1667	1
1668	2
1669	1
1670	1
1671	1
1672	2
1673	2
1674	2
1675	2
1676	0
1677	0
1678	2
1679	0
1680	0
1681	1
1682	2
1683	2
1684	2
1685	1
1686	0
1687	1
1688	1
1689	1
1690	1
1691	2
1692	1
1693	1
1694	1
1695	2
1696	1
1697	1
1698	1
1699	1
1700	2
1701	2
1702	2
1703	1
1704	0
1705	0
1706	2
1707	2
1708	2
1709	2
1710	1
1711	2
1712	1
1713	1
1714	1
1715	2
1716	1
1717	0
1718	1
1719	1
1720	2
1721	2
1722	1
1723	1
1724	2
1725	2
1726	0
1727	1
1728	2
1729	2
1730	1
1731	2
1732	1
1733	2
1734	0
1735	2
1736	2
1737	2
1738	1
1739	1
1740	2
1741	1
1742	0
1743	1
1744	1
1745	1
1746	2
1747	2
1748	1
1749	2
1750	1
1751	2
1752	0
1753	0
1754	0
1755	0
1756	0
1757	1
1758	0
1759	1
1760	1
1761	0
1762	1
1763	1
1764	0
1765	1
1766	1
1767	1
1768	1
1769	1
1770	1
1771	1
1772	1
1773	1
1774	1
1775	2
1776	1
1777	2
1778	1
1779	0
1780	1
1781	1
1782	2
1783	1
1784	2
1785	0
1786	0
1787	0
1788	0
1789	0
1790	1
1791	1
1792	0
1793	0
1794	0
1795	0
1796	1
1797	0
1798	2
1799	1
1800	1
1801	1
1802	2
1803	2
1804	0
1805	0
1806	1
1807	1
1808	1
1809	0
1810	0
1811	2
1812	1
1813	2
1814	2
1815	2
1816	2
1817	1
1818	2
1819	2
1820	2
1821	2
1822	2
1823	2
1824	1
1825	2
1826	1
1827	1
1828	1
1829	2
1830	2
1831	0
1832	1
1833	1
1834	1
1835	2
1836	2
1837	0
1838	1
1839	1
1840	0
1841	1
1842	1
1843	2
1844	0
1845	0
1846	1
1847	2
1848	2
1849	2
1850	1
1851	1
1852	1
1853	1
1854	0
1855	2
1856	2
1857	0
1858	1
1859	1
1860	2
1861	1
1862	1
1863	1
1864	1
1865	2
1866	1
1867	2
1868	1
1869	2
1870	1
1871	1
1872	1
1873	1
1874	1
1875	2
1876	1
1877	2
1878	0
1879	2
1880	2
1881	0
1882	0
1883	0
1884	0
1885	0
1886	0
1887	0
1888	0
1889	0
1890	0
1891	0
1892	2
1893	1
1894	0
1895	2
1896	1
1897	1
1898	2
1899	1
1900	2
1901	0
1902	2
1903	1
1904	1
1905	1
1906	2
1907	1
1908	1
1909	2
1910	2
1911	2
1912	1
1913	0
1914	2
1915	2
1916	0
1917	1
1918	2
1919	1
1920	2
1921	2
1922	1
1923	1
1924	1
1925	0
1926	1
1927	1
1928	2
1929	1
1930	1
1931	1
1932	2
1933	1
1934	1
1935	2
1936	1
1937	1
1938	1
1939	1
1940	0
1941	1
1942	2
1943	1
1944	2
1945	2
1946	2
1947	2
1948	2
1949	1
1950	0
1951	0
1952	0
1953	1
1954	2
1955	2
1956	2
1957	1
1958	2
1959	0
1960	1
1961	2
1962	0
1963	1
1964	2
1965	1
1966	2
1967	2
1968	0
1969	0
1970	0
1971	0
1972	2
1973	1
1974	1
1975	0
1976	1
1977	2
1978	2
1979	2
1980	1
1981	2
1982	1
1983	1
1984	1
1985	2
1986	0
1987	1
1988	2
1989	2
1990	1
1991	2
1992	0
1993	1
1994	2
1995	1
1996	1
1997	1
1998	1
1999	0
2000	2
2001	2
2002	2
2003	2
2004	1
2005	1
2006	2
2007	2
2008	2
2009	1
2010	0
2011	0
2012	1
2013	0
2014	1
2015	0
2016	0
2017	1
2018	2
2019	0
2020	1
2021	2
2022	2
2023	2
2024	1
2025	2
2026	0
2027	1
2028	0
2029	1
2030	2
2031	0
2032	1
2033	2
2034	2
2035	2
2036	1
2037	1
2038	0
2039	2
2040	1
2041	1
2042	1
2043	2
2044	0
2045	2
2046	2
2047	1
2048	2
2049	2
2050	0
2051	2
2052	1
2053	1
2054	1
2055	1
2056	2
2057	1
2058	2
2059	1
2060	2
2061	1
2062	2
2063	2
2064	1
2065	1
2066	1
2067	1
2068	1
2069	1
2070	1
2071	1
2072	1
2073	1
2074	1
2075	1
2076	1
2077	2
2078	0
2079	2
2080	1
2081	1
2082	1
2083	0
2084	0
2085	1
2086	1
2087	0
2088	0
2089	0
2090	0
2091	0
2092	2
2093	2
2094	2
2095	0
2096	2
2097	2
2098	0
2099	1
2100	2
2101	2
2102	2
2103	1
2104	0
2105	1
2106	1
2107	2
2108	2
2109	2
2110	1
2111	2
2112	1
2113	1
2114	2
2115	2
2116	1
2117	2
2118	2
2119	1
2120	2
2121	1
2122	1
2123	2
2124	1
2125	1
2126	1
2127	2
2128	1
2129	2
2130	1
2131	2
2132	2
2133	1
2134	2
2135	2
2136	0
2137	0
2138	0
2139	2
2140	1
2141	1
2142	2
2143	1
2144	0
2145	1
2146	1
2147	0
2148	1
2149	0
2150	0
2151	2
2152	1
2153	2
2154	0
2155	2
2156	1
2157	2
2158	2
2159	2
2160	2
2161	1
2162	1
2163	1
2164	0
2165	1
2166	2
2167	2
2168	2
2169	1
2170	0
2171	2
2172	1
2173	2
2174	2
2175	2
2176	2
2177	2
2178	2
2179	2
2180	1
2181	1
2182	1
2183	2
2184	2
2185	2
2186	2
2187	2
2188	0
2189	1
2190	0
2191	0
2192	0
2193	2
2194	0
2195	2
2196	1
2197	2
2198	2
2199	0
2200	2
2201	0
2202	2
2203	1
2204	1
2205	2
2206	2
2207	0
2208	2
2209	2
2210	1
2211	2
2212	2
2213	2
2214	2
2215	1
2216	1
2217	2
2218	1
2219	1
2220	2
2221	0
2222	0
2223	1
2224	2
2225	0
2226	0
2227	0
2228	0
2229	2
2230	2
2231	1
2232	2
2233	1
2234	0
2235	2
2236	1
2237	1
2238	2
2239	2
2240	2
2241	2
2242	1
2243	1
2244	1
2245	2
2246	0
2247	1
2248	1
2249	0
2250	0
2251	1
2252	2
2253	1
2254	1
2255	1
2256	2
2257	1
2258	2
2259	1
2260	1
2261	1
2262	1
2263	1
2264	1
2265	1
2266	2
2267	1
2268	1
2269	2
2270	2
2271	1
2272	2
2273	2
2274	1
2275	1
2276	1
2277	0
2278	2
2279	2
2280	0
2281	1
2282	2
2283	2
2284	1
2285	1
2286	1
2287	2
2288	1
2289	2
2290	1
2291	0
2292	1
2293	1
2294	1
2295	1
2296	2
2297	2
2298	2
2299	2
2300	2
2301	2
2302	2
2303	1
2304	1
2305	2
2306	1
2307	2
2308	2
2309	2
2310	0
2311	2
2312	2
2313	0
2314	1
2315	2
2316	2
2317	2
2318	2
2319	0
2320	1
2321	2
2322	2
2323	2
2324	2
2325	1
2326	2
2327	1
2328	2
2329	2
2330	1
2331	2
2332	1
2333	1
2334	1
2335	1
2336	1
2337	2
2338	2
2339	0
2340	2
2341	0
2342	1
2343	2
2344	2
2345	1
2346	2
2347	1
2348	2
2349	2
2350	2
2351	2
2352	2
2353	0
2354	2
2355	2
2356	2
2357	1
2358	2
2359	2
2360	2
2361	1
2362	2
2363	0
2364	1
2365	2
2366	2
2367	2
2368	2
2369	1
2370	1
2371	2
2372	1
2373	2
2374	2
2375	1
2376	2
2377	2
2378	0
2379	2
2380	2
2381	2
2382	2
2383	2
2384	2
2385	2
2386	2
2387	0
2388	2
2389	1
2390	1
2391	2
2392	2
2393	0
2394	0
2395	2
2396	1
2397	2
2398	2
2399	2
2400	2
2401	2
2402	2
2403	2
2404	2
2405	2
2406	2
2407	1
2408	1
2409	1
2410	1
2411	1
2412	1
2413	1
2414	1
2415	1
2416	1
2417	2
2418	2
2419	1
2420	1
2421	2
2422	2
2423	2
2424	2
2425	1
2426	1
2427	1
2428	0
2429	2
2430	1
2431	2
2432	2
2433	1
2434	2
2435	1
2436	0
2437	0
2438	1
2439	0
2440	0
2441	2
2442	1
2443	2
2444	2
2445	1
2446	2
2447	0
2448	1
2449	1
2450	0
2451	1
2452	2
2453	1
2454	2
2455	2
2456	2
2457	2
2458	2
2459	1
2460	1
2461	2
2462	1
2463	1
2464	1
2465	1
2466	1
2467	1
2468	0
2469	0
2470	1
2471	2
2472	2
2473	1
2474	1
2475	1
2476	1
2477	1
2478	1
2479	2
2480	2
2481	2
2482	2
2483	2
2484	2
2485	2
2486	2
2487	1
2488	1
2489	2
2490	1
2491	2
2492	1
2493	2
2494	2
2495	1
2496	2
2497	1
2498	1
2499	2
2500	1
2501	1
2502	1
2503	2
2504	2
2505	2
2506	0
2507	2
2508	2
2509	2
2510	2
2511	0
2512	1
2513	2
2514	1
2515	1
2516	0
2517	1
2518	1
2519	1
2520	1
2521	1
2522	1
2523	1
2524	1
2525	1
2526	2
2527	2
2528	0
2529	0
2530	0
2531	1
2532	2
2533	2
2534	1
2535	2
2536	2
2537	2
2538	1
2539	0
2540	1
2541	2
2542	1
2543	1
2544	2
2545	1
2546	2
2547	2
2548	2
2549	1
2550	0
2551	0
2552	0
2553	0
2554	0
2555	2
2556	2
2557	2
2558	0
2559	0
2560	0
2561	0
2562	0
2563	0
2564	0
2565	1
2566	2
2567	1
2568	2
2569	1
2570	2
2571	0
2572	2
2573	1
2574	2
2575	2
2576	2
2577	2
2578	2
2579	2
2580	1
2581	1
2582	2
2583	1
2584	2
2585	2
2586	2
2587	2
2588	2
2589	1
2590	2
2591	2
2592	1
2593	2
2594	2
2595	1
2596	1
2597	1
2598	2
2599	1
2600	2
2601	1
2602	2
2603	2
2604	1
2605	1
2606	2
2607	2
2608	1
2609	2
2610	1
2611	1
2612	0
2613	2
2614	2
2615	1
2616	2
2617	2
2618	2
2619	1
2620	1
2621	2
2622	0
2623	1
2624	1
2625	2
2626	0
2627	1
2628	1
2629	1
2630	0
2631	2
2632	1
2633	1
2634	2
2635	2
2636	1
2637	1
2638	1
2639	1
2640	2
2641	0
2642	2
2643	1
2644	1
2645	2
2646	1
2647	1
2648	1
2649	2
2650	1
2651	2
2652	2
2653	0
2654	2
2655	1
2656	2
2657	1
2658	0
2659	1
2660	1
2661	1
2662	1
2663	1
2664	1
2665	2
2666	1
2667	2
2668	0
2669	2
2670	0
2671	2
2672	1
2673	2
2674	0
2675	2
2676	2
2677	1
2678	1
2679	0
2680	2
2681	1
2682	1
2683	1
2684	2
2685	1
2686	1
2687	1
2688	1
2689	1
2690	2
2691	1
2692	1
2693	1
2694	1
2695	1
2696	1
2697	1
2698	1
2699	1
2700	1
2701	2
2702	1
2703	0
2704	0
2705	1
2706	0
2707	1
2708	1
2709	1
2710	0
2711	0
2712	2
2713	2
2714	0
2715	0
2716	1
2717	2
2718	0
2719	2
2720	1
2721	2
2722	0
2723	2
2724	0
2725	2
2726	1
2727	1
2728	1
2729	2
2730	2
2731	0
2732	0
2733	2
2734	2
2735	1
2736	1
2737	1
2738	1
2739	1
2740	1
2741	1
2742	1
2743	1
2744	1
2745	0
2746	0
2747	2
2748	2
2749	2
2750	0
2751	0
2752	0
2753	0
2754	2
2755	0
2756	2
2757	1
2758	2
2759	2
2760	1
2761	0
2762	0
2763	1
2764	1
2765	1
2766	2
2767	2
2768	0
2769	2
2770	0
2771	2
2772	2
2773	2
2774	2
2775	2
2776	2
2777	2
2778	2
2779	1
2780	0
2781	2
2782	2
2783	1
2784	0
2785	0
2786	2
2787	2
2788	1
2789	2
2790	1
2791	1
2792	0
2793	1
2794	2
2795	2
2796	2
2797	1
2798	0
2799	0
2800	0
2801	2
2802	0
2803	0
2804	0
2805	0
2806	0
2807	1
2808	1
2809	1
2810	0
2811	0
2812	2
2813	1
2814	1
2815	1
2816	1
2817	2
2818	2
2819	2
2820	2
2821	0
2822	1
2823	2
2824	2
2825	2
2826	0
2827	1
2828	1
2829	0
2830	0
2831	2
2832	1
2833	2
2834	2
2835	1
2836	2
2837	1
2838	2
2839	1
2840	1
2841	1
2842	1
2843	2
2844	2
2845	2
2846	2
2847	0
2848	1
2849	1
2850	1
2851	2
2852	0
2853	0
2854	2
2855	2
2856	1
2857	2
2858	1
2859	1
2860	2
2861	2
2862	2
2863	1
2864	1
2865	1
2866	1
2867	2
2868	0
2869	1
2870	1
2871	2
2872	0
2873	1
2874	2
2875	2
2876	2
2877	1
2878	1
2879	1
2880	0
2881	0
2882	1
2883	1
2884	1
2885	1
2886	2
2887	2
2888	2
2889	0
2890	2
2891	1
2892	2
2893	1
2894	0
2895	1
2896	1
2897	1
2898	2
2899	2
2900	1
2901	0
2902	1
2903	2
2904	1
2905	1
2906	2
2907	2
2908	2
2909	2
2910	1
2911	1
2912	1
2913	1
2914	1
2915	1
2916	1
2917	1
2918	0
2919	0
2920	1
2921	2
2922	2
2923	2
2924	2
2925	1
2926	1
2927	1
2928	2
2929	2
2930	0
2931	2
2932	1
2933	2
2934	2
2935	1
2936	2
2937	1
2938	0
2939	1
2940	1
2941	0
2942	2
2943	1
2944	2
2945	0
2946	2
2947	2
2948	0
2949	2
2950	0
2951	2
2952	1
2953	1
2954	1
2955	1
2956	2
2957	2
2958	2
2959	0
2960	2
2961	0
2962	2
2963	0
2964	1
2965	1
2966	0
2967	2
2968	2
2969	2
2970	1
2971	0
2972	1
2973	1
2974	1
2975	1
2976	1
2977	2
2978	1
2979	2
2980	2
2981	2
2982	1
2983	0
2984	0
2985	1
2986	2
2987	1
2988	2
2989	1
2990	2
2991	2
2992	2
2993	2
2994	1
2995	2
2996	0
2997	2
2998	0
2999	2
3000	2
3001	2
3002	1
3003	0
3004	2
3005	2
3006	2
3007	1
3008	2
3009	2
3010	2
3011	1
3012	1
3013	0
3014	0
3015	0
3016	2
3017	1
3018	1
3019	1
3020	2
3021	2
3022	2
3023	1
3024	2
3025	2
3026	1
3027	1
3028	1
3029	1
3030	0
3031	0
3032	0
3033	1
3034	2
3035	1
3036	1
3037	1
3038	2
3039	2
3040	0
3041	1
3042	2
3043	1
3044	2
3045	1
3046	0
3047	2
3048	2
3049	2
3050	2
3051	2
3052	2
3053	2
3054	1
3055	1
3056	1
3057	1
3058	1
3059	1
3060	0
3061	2
3062	1
3063	1
3064	2
3065	1
3066	1
3067	1
3068	1
3069	1
3070	0
3071	1
3072	2
3073	1
3074	1
3075	2
3076	1
3077	0
3078	2
3079	2
3080	1
3081	1
3082	2
3083	1
3084	2
3085	1
3086	2
3087	1
3088	1
3089	0
3090	2
3091	0
3092	1
3093	0
3094	2
3095	1
3096	0
3097	1
3098	1
3099	1
3100	2
3101	1
3102	2
3103	1
3104	2
3105	2
3106	2
3107	0
3108	1
3109	2
3110	1
3111	1
3112	1
3113	2
3114	2
3115	2
3116	2
3117	2
3118	2
3119	1
3120	0
3121	0
3122	1
3123	2
3124	0
3125	1
3126	1
3127	0
3128	2
3129	0
3130	2
3131	1
3132	1
3133	2
3134	2
3135	1
3136	1
3137	1
3138	2
3139	0
3140	1
3141	2
3142	1
3143	1
3144	1
3145	1
3146	1
3147	0
3148	1
3149	2
3150	2
3151	0
3152	2
3153	1
3154	1
3155	2
3156	2
3157	2
3158	1
3159	1
3160	1
3161	1
3162	2
3163	2
3164	2
3165	1
3166	1
3167	1
3168	2
3169	2
3170	2
3171	2
3172	2
3173	0
3174	2
3175	0
3176	1
3177	1
3178	1
3179	0
3180	2
3181	1
3182	2
3183	2
3184	0
3185	1
3186	1
3187	1
3188	2
3189	2
3190	1
3191	1
3192	2
3193	1
3194	2
3195	1
3196	1
3197	1
3198	2
3199	1
3200	0
3201	2
3202	2
3203	0
3204	2
3205	2
3206	1
3207	2
3208	1
3209	1
3210	2
3211	2
3212	0
3213	2
3214	2
3215	2
3216	1
3217	2
3218	1
3219	1
3220	1
3221	1
3222	2
3223	2
3224	2
3225	2
3226	1
3227	1
3228	2
3229	1
3230	2
3231	2
3232	0
3233	1
3234	1
3235	2
3236	1
3237	0
3238	2
3239	2
3240	1
3241	1
3242	1
3243	1
3244	0
3245	1
3246	0
3247	0
3248	1
3249	1
3250	1
3251	1
3252	2
3253	0
3254	2
3255	2
3256	0
3257	1
3258	0
3259	2
3260	2
3261	2
3262	1
3263	1
3264	1
3265	1
3266	1
3267	2
3268	2
3269	1
3270	2
3271	2
3272	2
3273	1
3274	0
3275	1
3276	2
3277	2
3278	2
3279	2
3280	1
3281	1
3282	0
3283	0
3284	0
3285	1
3286	0
3287	1
3288	2
3289	2
3290	2
3291	1
3292	1
3293	1
3294	1
3295	1
3296	2
3297	2
3298	2
3299	2
3300	2
3301	2
3302	1
3303	2
3304	2
3305	2
3306	2
3307	2
3308	2
3309	0
3310	2
3311	0
3312	2
3313	0
3314	0
3315	0
3316	0
3317	0
3318	1
3319	0
3320	2
3321	2
3322	1
3323	1
3324	1
3325	2
3326	1
3327	2
3328	0
3329	1
3330	1
3331	1
3332	2
3333	1
3334	2
3335	1
3336	1
3337	1
3338	2
3339	2
3340	2
3341	1
3342	2
3343	1
3344	2
3345	2
3346	0
3347	1
3348	1
3349	1
3350	1
3351	1
3352	1
3353	0
3354	0
3355	1
3356	1
3357	1
3358	1
3359	1
3360	2
3361	2
3362	2
3363	1
3364	1
3365	1
3366	1
3367	1
3368	1
3369	2
3370	1
3371	1
3372	1
3373	1
3374	1
3375	0
3376	1
3377	2
3378	0
3379	1
3380	1
3381	2
3382	2
3383	2
3384	2
3385	1
3386	1
3387	0
3388	0
3389	1
3390	1
3391	2
3392	2
3393	0
3394	2
3395	1
3396	1
3397	0
3398	0
3399	2
3400	1
3401	2
3402	2
3403	1
3404	1
3405	1
3406	1
3407	1
3408	0
3409	0
3410	0
3411	0
3412	0
3413	0
3414	1
3415	1
3416	0
3417	1
3418	0
3419	1
3420	1
3421	2
3422	1
3423	1
3424	0
3425	2
3426	0
3427	1
3428	1
3429	2
3430	1
3431	2
3432	2
3433	2
3434	1
3435	1
3436	1
3437	0
3438	2
3439	2
3440	0
3441	1
3442	2
3443	1
3444	2
3445	1
3446	1
3447	2
3448	1
3449	2
3450	2
3451	2
3452	2
3453	1
3454	2
3455	2
3456	0
3457	0
3458	2
3459	2
3460	1
3461	1
3462	0
3463	1
3464	1
3465	1
3466	1
3467	2
3468	2
3469	1
3470	1
3471	0
3472	0
3473	2
3474	0
3475	1
3476	0
3477	0
3478	0
3479	0
3480	1
3481	0
3482	1
3483	1
3484	0
3485	1
3486	1
3487	1
3488	0
3489	1
3490	1
3491	0
3492	2
3493	1
3494	1
3495	2
3496	2
3497	1
3498	2
3499	1
3500	1
3501	1
3502	1
3503	2
3504	1
3505	2
3506	1
3507	0
3508	2
3509	0
3510	1
3511	1
3512	1
3513	1
3514	1
3515	1
3516	0
3517	1
3518	1
3519	1
3520	1
3521	2
3522	2
3523	2
3524	2
3525	2
3526	1
3527	1
3528	1
3529	2
3530	1
3531	0
3532	1
3533	2
3534	1
3535	1
3536	1
3537	2
3538	1
3539	2
3540	2
3541	2
3542	1
3543	2
3544	0
3545	1
3546	1
3547	0
3548	1
3549	2
3550	2
3551	2
3552	1
3553	2
3554	2
3555	1
3556	1
3557	1
3558	1
3559	2
3560	1
3561	1
3562	1
3563	1
3564	2
3565	1
3566	2
3567	0
3568	0
3569	0
3570	0
3571	1
3572	1
3573	0
3574	2
3575	1
3576	2
3577	1
3578	2
3579	2
3580	1
3581	2
3582	2
3583	1
3584	1
3585	2
3586	2
3587	1
3588	2
3589	1
3590	2
3591	2
3592	2
3593	2
3594	1
3595	2
3596	1
3597	1
3598	1
3599	1
3600	1
3601	2
3602	1
3603	1
3604	2
3605	2
3606	1
3607	2
3608	2
3609	2
3610	2
3611	1
3612	1
3613	0
3614	1
3615	1
3616	1
3617	1
3618	0
3619	2
3620	2
3621	1
3622	2
3623	2
3624	1
3625	2
3626	2
3627	2
3628	2
3629	1
3630	2
3631	2
3632	1
3633	1
3634	0
3635	2
3636	2
3637	1
3638	0
3639	2
3640	0
3641	0
3642	1
3643	2
3644	1
3645	2
3646	1
3647	0
3648	1
3649	0
3650	0
3651	2
3652	2
3653	2
3654	2
3655	2
3656	1
3657	1
3658	2
3659	1
3660	1
3661	1
3662	2
3663	1
3664	0
3665	2
3666	2
3667	1
3668	0
3669	1
3670	2
3671	1
3672	1
3673	1
3674	0
3675	2
3676	2
3677	2
3678	1
3679	2
3680	1
3681	2
3682	2
3683	0
3684	2
3685	2
3686	2
3687	2
3688	2
3689	0
3690	1
3691	1
3692	2
3693	1
3694	0
3695	2
3696	0
3697	2
3698	2
3699	1
3700	2
3701	2
3702	0
3703	0
3704	0
3705	0
3706	0
3707	2
3708	1
3709	1
3710	2
3711	0
3712	2
3713	0
3714	2
3715	1
3716	1
3717	2
3718	0
3719	2
3720	2
3721	2
3722	1
3723	1
3724	1
3725	1
3726	2
3727	2
3728	2
3729	2
3730	1
3731	1
3732	1
3733	2
3734	1
3735	0
3736	0
3737	1
3738	1
3739	1
3740	1
3741	0
3742	1
3743	2
3744	1
3745	2
3746	2
3747	2
3748	1
3749	2
3750	0
3751	1
3752	2
3753	2
3754	0
3755	2
3756	2
3757	1
3758	1
3759	2
3760	2
3761	2
3762	1
3763	2
3764	0
3765	1
3766	2
3767	2
3768	2
3769	1
3770	0
3771	0
3772	2
3773	2
3774	2
3775	1
3776	2
3777	2
3778	2
3779	1
3780	2
3781	2
3782	0
3783	0
3784	2
3785	1
3786	0
3787	0
3788	1
3789	0
3790	2
3791	1
3792	2
3793	1
3794	0
3795	2
3796	1
3797	2
3798	1
3799	2
3800	2
3801	2
3802	2
3803	1
3804	2
3805	0
3806	2
3807	2
3808	1
3809	1
3810	2
3811	1
3812	2
3813	2
3814	1
3815	2
3816	2
3817	1
3818	0
3819	2
3820	2
3821	1
3822	1
3823	1
3824	2
3825	1
3826	1
3827	0
3828	0
3829	1
3830	1
3831	1
3832	2
3833	1
3834	1
3835	1
3836	1
3837	2
3838	2
3839	1
3840	2
3841	2
3842	1
3843	2
3844	2
3845	1
3846	2
3847	1
3848	1
3849	1
3850	2
3851	1
3852	1
3853	2
3854	1
3855	2
3856	1
3857	2
3858	2
3859	2
3860	1
3861	1
3862	2
3863	1
3864	1
3865	2
3866	0
3867	1
3868	1
3869	1
3870	1
3871	1
3872	2
3873	2
3874	2
3875	1
3876	0
3877	2
3878	0
3879	0
3880	0
3881	2
3882	2
3883	0
3884	2
3885	2
3886	1
3887	1
3888	0
3889	0
3890	1
3891	2
3892	2
3893	1
3894	2
3895	2
3896	2
3897	0
3898	0
3899	1
3900	2
3901	1
3902	1
3903	2
3904	1
3905	2
3906	2
3907	2
3908	1
3909	2
3910	1
3911	1
3912	2
3913	1
3914	0
3915	1
3916	1
3917	1
3918	1
3919	0
3920	1
3921	0
3922	0
3923	2
3924	1
3925	1
3926	2
3927	2
3928	2
3929	1
3930	1
3931	1
3932	1
3933	1
3934	1
3935	1
3936	0
3937	2
3938	2
3939	2
3940	2
3941	0
3942	1
3943	1
3944	0
3945	0
3946	1
3947	1
3948	0
3949	1
3950	2
3951	1
3952	1
3953	0
3954	2
3955	0
3956	1
3957	2
3958	2
3959	2
3960	0
3961	1
3962	2
3963	2
3964	2
3965	2
3966	1
3967	1
3968	2
3969	2
3970	0
3971	1
3972	1
3973	2
3974	1
3975	1
3976	1
3977	2
3978	2
3979	2
3980	2
3981	1
3982	2
3983	2
3984	1
3985	2
3986	1
3987	1
3988	0
3989	0
3990	1
3991	2
3992	1
3993	1
3994	1
3995	1
3996	1
3997	0
3998	2
3999	2
4000	2
4001	2
4002	2
4003	1
4004	2
4005	1
4006	1
4007	2
4008	2
4009	2
4010	2
4011	2
4012	1
4013	1
4014	0
4015	1
4016	2
4017	1
4018	2
4019	2
4020	2
4021	2
4022	2
4023	2
4024	2
4025	2
4026	1
4027	0
4028	2
4029	1
4030	1
4031	1
4032	2
4033	2
4034	1
4035	1
4036	2
4037	2
4038	2
4039	2
4040	2
4041	0
4042	0
4043	2
4044	0
4045	1
4046	0
4047	2
4048	2
4049	1
4050	2
4051	2
4052	0
4053	2
4054	2
4055	1
4056	2
4057	2
4058	1
4059	1
4060	2
4061	2
4062	1
4063	2
4064	2
4065	2
4066	2
4067	1
4068	2
4069	0
4070	2
4071	1
4072	0
4073	1
4074	1
4075	2
4076	0
4077	1
4078	0
4079	2
4080	1
4081	0
4082	2
4083	2
4084	1
4085	1
4086	1
4087	0
4088	2
4089	1
4090	1
4091	0
4092	1
4093	0
4094	1
4095	0
4096	2
4097	2
4098	1
4099	1
4100	1
4101	1
4102	1
4103	1
4104	1
4105	1
4106	2
4107	1
4108	0
4109	0
4110	1
4111	1
4112	0
4113	2
4114	2
4115	1
4116	1
4117	0
4118	1
4119	2
4120	2
4121	2
4122	2
4123	2
4124	2
4125	0
4126	0
4127	1
4128	1
4129	1
4130	1
4131	1
4132	1
4133	1
4134	2
4135	1
4136	2
4137	0
4138	2
4139	1
4140	2
4141	1
4142	2
4143	2
4144	1
4145	1
4146	1
4147	1
4148	2
4149	0
4150	1
4151	1
4152	2
4153	1
4154	1
4155	2
4156	2
4157	2
4158	2
4159	2
4160	2
4161	2
4162	0
4163	0
4164	2
4165	1
4166	2
4167	2
4168	2
4169	1
4170	1
4171	2
4172	1
4173	2
4174	2
4175	2
4176	2
4177	0
4178	0
4179	0
4180	0
4181	2
4182	1
4183	2
4184	1
4185	2
4186	0
4187	1
4188	0
4189	2
4190	1
4191	2
4192	2
4193	2
4194	1
4195	2
4196	1
4197	1
4198	0
4199	2
4200	2
4201	1
4202	0
4203	1
4204	1
4205	1
4206	1
4207	2
4208	1
4209	1
4210	1
4211	2
4212	1
4213	1
4214	2
4215	2
4216	2
4217	1
4218	1
4219	1
4220	2
4221	1
4222	2
4223	0
4224	1
4225	0
4226	1
4227	2
4228	2
4229	1
4230	1
4231	1
4232	0
4233	1
4234	2
4235	1
4236	2
4237	2
4238	0
4239	2
4240	2
4241	2
4242	2
4243	2
4244	1
4245	2
4246	0
4247	0
4248	2
4249	2
4250	2
4251	2
4252	2
4253	1
4254	1
4255	1
4256	1
4257	2
4258	2
4259	2
4260	0
4261	1
4262	2
4263	2
4264	1
4265	0
4266	1
4267	2
4268	2
4269	1
4270	2
4271	1
4272	1
4273	2
4274	2
4275	0
4276	2
4277	2
4278	2
4279	1
4280	2
4281	2
4282	2
4283	2
4284	2
4285	0
4286	0
4287	1
4288	1
4289	2
4290	2
4291	0
4292	1
4293	0
4294	1
4295	0
4296	2
4297	1
4298	1
4299	2
4300	1
4301	2
4302	1
4303	1
4304	0
4305	2
4306	1
4307	1
4308	1
4309	2
4310	2
4311	0
4312	2
4313	1
4314	0
4315	2
4316	1
4317	0
4318	2
4319	2
4320	2
4321	1
4322	0
4323	1
4324	1
4325	2
4326	1
4327	2
4328	2
4329	2
4330	2
4331	1
4332	1
4333	1
4334	1
4335	2
4336	2
4337	1
4338	2
4339	1
4340	1
4341	1
4342	0
4343	0
4344	0
4345	1
4346	1
4347	2
4348	2
4349	1
4350	2
4351	2
4352	0
4353	1
4354	2
4355	1
4356	1
4357	1
4358	0
4359	1
4360	2
4361	1
4362	2
4363	2
4364	1
4365	2
4366	0
4367	2
4368	2
4369	2
4370	2
4371	0
4372	2
4373	0
4374	2
4375	2
4376	2
4377	1
4378	0
4379	2
4380	0
4381	2
4382	2
4383	1
4384	1
4385	2
4386	1
4387	1
4388	1
4389	0
4390	2
4391	2
4392	2
4393	1
4394	2
4395	1
4396	2
4397	1
4398	1
4399	1
4400	1
4401	2
4402	2
4403	1
4404	1
4405	2
4406	1
4407	2
4408	2
4409	2
4410	0
4411	2
4412	1
4413	2
4414	2
4415	2
4416	1
4417	0
4418	2
4419	1
4420	1
4421	2
4422	1
4423	0
4424	2
4425	1
4426	2
4427	2
4428	1
4429	0
4430	0
4431	1
4432	2
4433	1
4434	0
4435	2
4436	2
4437	1
4438	2
4439	1
4440	1
4441	0
4442	2
4443	2
4444	0
4445	1
4446	1
4447	1
4448	2
4449	1
4450	2
4451	1
4452	2
4453	0
4454	2
4455	2
4456	1
4457	1
4458	1
4459	1
4460	1
4461	0
4462	1
4463	2
4464	2
4465	2
4466	1
4467	2
4468	0
4469	2
4470	2
4471	2
4472	2
4473	1
4474	1
4475	2
4476	2
4477	0
4478	2
4479	2
4480	0
4481	0
4482	1
4483	1
4484	1
4485	1
4486	2
4487	1
4488	1
4489	2
4490	2
4491	0
4492	2
4493	1
4494	2
4495	2
4496	1
4497	1
4498	2
4499	2
4500	2
4501	2
4502	2
4503	1
4504	0
4505	1
4506	2
4507	0
4508	2
4509	1
4510	1
4511	1
4512	2
4513	2
4514	0
4515	2
4516	1
4517	0
4518	0
4519	1
4520	0
4521	1
4522	2
4523	1
4524	2
4525	2
4526	1
4527	1
4528	1
4529	2
4530	2
4531	1
4532	1
4533	2
4534	1
4535	1
4536	2
4537	1
4538	1
4539	1
4540	1
4541	2
4542	2
4543	2
4544	2
4545	2
4546	1
4547	0
4548	1
4549	2
4550	2
4551	1
4552	0
4553	1
4554	2
4555	2
4556	2
4557	1
4558	1
4559	2
4560	2
4561	2
4562	2
4563	2
4564	2
4565	0
4566	2
4567	0
4568	1
4569	1
4570	2
4571	1
4572	1
4573	1
4574	1
4575	1
4576	1
4577	1
4578	0
4579	2
4580	0
4581	1
4582	2
4583	1
4584	2
4585	1
4586	2
4587	2
4588	2
4589	2
4590	1
4591	1
4592	2
4593	2
4594	2
4595	1
4596	1
4597	2
4598	1
4599	2
4600	2
4601	1
4602	1
4603	1
4604	2
4605	2
4606	1
4607	2
4608	0
4609	1
4610	2
4611	1
4612	1
4613	0
4614	1
4615	1
4616	1
4617	2
4618	2
4619	2
4620	2
4621	0
4622	2
4623	2
4624	1
4625	1
4626	1
4627	0
4628	0
4629	2
4630	2
4631	2
4632	2
4633	1
4634	1
4635	0
4636	2
4637	1
4638	0
4639	0
4640	2
4641	0
4642	2
4643	2
4644	1
4645	1
4646	2
4647	0
4648	0
4649	2
4650	1
4651	1
4652	1
4653	1
4654	2
4655	0
4656	2
4657	2
4658	1
4659	1
4660	2
4661	1
4662	1
4663	1
4664	1
4665	2
4666	2
4667	0
4668	0
4669	2
4670	1
4671	0
4672	2
4673	2
4674	2
4675	2
4676	1
4677	0
4678	1
4679	2
4680	1
4681	2
4682	2
4683	2
4684	1
4685	2
4686	2
4687	2
4688	2
4689	1
4690	2
4691	2
4692	2
4693	2
4694	1
4695	0
4696	1
4697	2
4698	1
4699	2
4700	2
4701	2
4702	1
4703	1
4704	1
4705	1
4706	2
4707	2
4708	2
4709	2
4710	0
4711	1
4712	2
4713	0
4714	1
4715	1
4716	2
4717	1
4718	2
4719	1
4720	2
4721	2
4722	2
4723	0
4724	2
4725	2
4726	0
4727	2
4728	2
4729	0
4730	1
4731	2
4732	1
4733	1
4734	2
4735	2
4736	2
4737	2
4738	0
4739	1
4740	1
4741	1
4742	1
4743	0
4744	2
4745	2
4746	2
4747	1
4748	1
4749	1
4750	2
4751	1
4752	1
4753	1
4754	1
4755	1
4756	0
4757	1
4758	1
4759	1
4760	2
4761	2
4762	1
4763	2
4764	2
4765	2
4766	2
4767	1
4768	1
4769	0
4770	2
4771	2
4772	2
4773	2
4774	1
4775	1
4776	2
4777	1
4778	2
4779	1
4780	1
4781	2
4782	2
4783	2
4784	2
4785	1
4786	2
4787	1
4788	1
4789	0
4790	1
4791	1
4792	1
4793	1
4794	1
4795	1
4796	1
4797	0
4798	2
4799	0
4800	2
4801	2
4802	0
4803	2
4804	1
4805	2
4806	0
4807	1
4808	0
4809	1
4810	2
4811	1
4812	1
4813	1
4814	1
4815	1
4816	1
4817	1
4818	1
4819	2
4820	0
4821	2
4822	0
4823	2
4824	1
4825	1
4826	1
4827	2
4828	1
4829	2
4830	1
4831	2
4832	2
4833	2
4834	2
4835	1
4836	1
4837	2
4838	0
4839	0
4840	2
4841	2
4842	1
4843	2
4844	2
4845	1
4846	2
4847	0
4848	2
4849	2
4850	2
4851	2
4852	1
4853	2
4854	2
4855	2
4856	2
4857	2
4858	2
4859	1
4860	2
4861	1
4862	1
4863	1
4864	1
4865	1
4866	0
4867	1
4868	1
4869	2
4870	1
4871	1
4872	2
4873	2
4874	2
4875	1
4876	2
4877	2
4878	2
4879	2
4880	0
4881	1
4882	0
4883	1
4884	2
4885	2
4886	2
4887	1
4888	2
4889	2
4890	0
4891	1
4892	1
4893	1
4894	1
4895	1
4896	2
4897	2
4898	1
4899	1
4900	2
4901	1
4902	1
4903	0
4904	1
4905	1
4906	0
4907	2
4908	0
4909	2
4910	0
4911	1
4912	2
4913	1
4914	2
4915	1
4916	2
4917	0
4918	1
4919	0
4920	1
4921	2
4922	2
4923	1
4924	1
4925	1
4926	1
4927	0
4928	1
4929	1
4930	1
4931	0
4932	2
4933	0
4934	1
4935	1
4936	1
4937	1
4938	2
4939	1
4940	1
4941	0
4942	0
4943	0
4944	0
4945	1
4946	1
4947	1
4948	1
4949	0
4950	0
4951	1
4952	0
4953	1
4954	0
4955	1
4956	1
4957	2
4958	2
4959	1
4960	0
4961	1
4962	0
4963	2
4964	1
4965	1
4966	1
4967	2
4968	1
4969	2
4970	2
4971	1
4972	2
4973	2
4974	2
4975	1
4976	0
4977	0
4978	0
4979	1
4980	1
4981	2
4982	1
4983	0
4984	1
4985	1
4986	1
4987	1
4988	2
4989	2
4990	2
4991	2
4992	1
4993	0
4994	1
4995	2
4996	2
4997	0
4998	2
4999	2
5000	2
5001	2
5002	2
5003	2
5004	2
5005	1
5006	2
5007	1
5008	1
5009	2
5010	1
5011	1
5012	0
5013	1
5014	2
5015	2
5016	1
5017	2
5018	2
5019	2
5020	2
5021	2
5022	2
5023	2
5024	2
5025	1
5026	0
5027	1
5028	1
5029	1
5030	1
5031	2
5032	1
5033	1
5034	2
5035	2
5036	2
5037	1
5038	2
5039	1
5040	2
5041	1
5042	2
5043	1
5044	0
5045	1
5046	1
5047	1
5048	2
5049	0
5050	2
5051	1
5052	1
5053	2
5054	0
5055	0
5056	0
5057	0
5058	1
5059	2
5060	2
5061	2
5062	0
5063	1
5064	1
5065	1
5066	2
5067	2
5068	1
5069	2
5070	1
5071	1
5072	0
5073	1
5074	1
5075	2
5076	1
5077	2
5078	2
5079	1
5080	0
5081	1
5082	2
5083	2
5084	2
5085	2
5086	1
5087	0
5088	1
5089	2
5090	2
5091	1
5092	2
5093	1
5094	1
5095	1
5096	2
5097	2
5098	1
5099	2
5100	1
5101	1
5102	1
5103	2
5104	2
5105	1
5106	2
5107	2
5108	2
5109	1
5110	1
5111	1
5112	0
5113	2
5114	2
5115	1
5116	2
5117	0
5118	1
5119	1
5120	0
5121	0
5122	1
5123	0
5124	2
5125	1
5126	0
5127	1
5128	0
5129	0
5130	1
5131	2
5132	2
5133	1
5134	2
5135	2
5136	2
5137	1
5138	1
5139	1
5140	2
5141	1
5142	1
5143	2
5144	1
5145	1
5146	0
5147	1
5148	1
5149	1
5150	1
5151	2
5152	2
5153	2
5154	2
5155	2
5156	1
5157	2
5158	1
5159	2
5160	2
5161	1
5162	2
5163	2
5164	2
5165	0
5166	2
5167	2
5168	2
5169	2
5170	2
5171	1
5172	2
5173	1
5174	1
5175	2
5176	2
5177	1
5178	0
5179	1
5180	0
5181	1
5182	2
5183	1
5184	2
5185	1
5186	0
5187	2
5188	2
5189	2
5190	2
5191	2
5192	1
5193	2
5194	2
5195	1
5196	0
5197	2
5198	1
5199	2
5200	0
5201	2
5202	1
5203	2
5204	2
5205	2
5206	1
5207	1
5208	1
5209	2
5210	2
5211	2
5212	2
5213	2
5214	1
5215	2
5216	1
5217	1
5218	1
5219	2
5220	0
5221	1
5222	2
5223	2
5224	1
5225	1
5226	0
5227	0
5228	1
5229	2
5230	1
5231	2
5232	1
5233	2
5234	2
5235	1
5236	1
5237	2
5238	2
5239	2
5240	0
5241	0
5242	2
5243	1
5244	2
5245	2
5246	2
5247	1
5248	2
5249	0
5250	1
5251	2
5252	1
5253	2
5254	2
5255	2
5256	2
5257	2
5258	2
5259	2
5260	2
5261	0
5262	2
5263	1
5264	1
5265	0
5266	0
5267	0
5268	2
5269	2
5270	1
5271	0
5272	2
5273	2
5274	0
5275	1
5276	0
5277	2
5278	2
5279	2
5280	1
5281	1
5282	2
5283	0
5284	1
5285	0
5286	0
5287	2
5288	1
5289	1
5290	1
5291	0
5292	1
5293	2
5294	2
5295	1
5296	0
5297	1
5298	2
5299	0
5300	2
5301	1
5302	2
5303	0
5304	1
5305	1
5306	2
5307	0
5308	1
5309	2
5310	2
5311	2
5312	1
5313	0
5314	0
5315	1
5316	1
5317	1
5318	2
5319	1
5320	2
5321	1
5322	0
5323	1
5324	1
5325	2
5326	2
5327	2
5328	2
5329	2
5330	2
5331	2
5332	2
5333	1
5334	2
5335	2
5336	0
5337	2
5338	0
5339	1
5340	1
5341	1
5342	0
5343	2
5344	2
5345	2
5346	2
5347	1
5348	1
5349	2
5350	1
5351	1
5352	1
5353	2
5354	1
5355	1
5356	0
5357	1
5358	2
5359	1
5360	2
5361	2
5362	1
5363	2
5364	2
5365	1
5366	1
5367	1
5368	1
5369	2
5370	2
5371	1
5372	0
5373	2
5374	2
5375	2
5376	2
5377	0
5378	2
5379	1
5380	2
5381	1
5382	1
5383	1
5384	2
5385	1
5386	2
5387	1
5388	0
5389	1
5390	2
5391	2
5392	1
5393	0
5394	2
5395	2
5396	1
5397	1
5398	0
5399	2
5400	2
5401	0
5402	2
5403	2
5404	2
5405	1
5406	1
5407	2
5408	0
5409	1
5410	1
5411	1
5412	2
5413	1
5414	2
5415	1
5416	2
5417	0
5418	0
5419	2
5420	2
5421	2
5422	2
5423	1
5424	1
5425	2
5426	1
5427	0
5428	2
5429	2
5430	2
5431	2
5432	2
5433	2
5434	1
5435	1
5436	2
5437	1
5438	1
5439	1
5440	1
5441	1
5442	2
5443	1
5444	0
5445	0
5446	2
5447	2
5448	2
5449	1
5450	1
5451	2
5452	1
5453	2
5454	2
5455	1
5456	1
5457	2
5458	1
5459	1
5460	1
5461	1
5462	1
5463	2
5464	2
5465	2
5466	2
5467	2
5468	1
5469	1
5470	1
5471	2
5472	2
5473	2
5474	1
5475	1
5476	0
5477	1
5478	2
5479	2
5480	0
5481	2
5482	2
5483	2
5484	0
5485	2
5486	0
5487	2
5488	1
5489	0
5490	1
5491	1
5492	2
5493	1
5494	1
5495	2
5496	1
5497	1
5498	1
5499	2
5500	1
5501	1
5502	0
5503	2
5504	1
5505	2
5506	1
5507	1
5508	1
5509	1
5510	2
5511	0
5512	2
5513	1
5514	1
5515	2
5516	2
5517	1
5518	1
5519	2
5520	0
5521	2
5522	1
5523	2
5524	1
5525	2
5526	1
5527	1
5528	1
5529	2
5530	1
5531	0
5532	2
5533	0
5534	2
5535	0
5536	2
5537	1
5538	2
5539	1
5540	0
5541	1
5542	0
5543	0
5544	2
5545	1
5546	0
5547	2
5548	1
5549	1
5550	1
5551	2
5552	1
5553	2
5554	1
5555	0
5556	0
5557	2
5558	2
5559	2
5560	2
5561	2
5562	2
5563	2
5564	2
5565	1
5566	2
5567	2
5568	2
5569	2
5570	1
5571	2
5572	1
5573	0
5574	1
5575	2
5576	1
5577	1
5578	1
5579	1
5580	2
5581	2
5582	1
5583	0
5584	1
5585	2
5586	1
5587	2
5588	1
5589	1
5590	2
5591	0
5592	1
5593	2
5594	2
5595	0
5596	1
5597	1
5598	0
5599	2
5600	0
5601	1
5602	0
5603	2
5604	2
5605	2
5606	2
5607	2
5608	0
5609	2
5610	2
5611	1
5612	1
5613	0
5614	1
5615	2
5616	2
5617	1
5618	0
5619	2
5620	2
5621	1
5622	1
5623	1
5624	1
5625	0
5626	0
5627	1
5628	1
5629	1
5630	1
5631	1
5632	1
5633	1
5634	1
5635	0
5636	0
5637	2
5638	2
5639	1
5640	0
5641	1
5642	2
5643	1
5644	1
5645	2
5646	0
5647	0
5648	2
5649	2
5650	1
5651	0
5652	2
5653	1
5654	2
5655	2
5656	2
5657	2
5658	2
5659	2
5660	0
5661	0
5662	1
5663	2
5664	2
5665	1
5666	2
5667	2
5668	2
5669	2
5670	1
5671	2
5672	0
5673	2
5674	1
5675	0
5676	0
5677	2
5678	2
5679	0
5680	2
5681	1
5682	1
5683	1
5684	2
5685	2
5686	2
5687	2
5688	1
5689	2
5690	2
5691	2
5692	2
5693	2
5694	1
5695	2
5696	2
5697	1
5698	2
5699	2
5700	1
5701	2
5702	2
5703	1
5704	1
5705	1
5706	1
5707	1
5708	1
5709	1
5710	2
5711	1
5712	1
5713	2
5714	0
5715	1
5716	2
5717	2
5718	0
5719	1
5720	1
5721	1
5722	1
5723	2
5724	2
5725	1
5726	0
5727	0
5728	0
5729	0
5730	1
5731	1
5732	2
5733	1
5734	1
5735	1
5736	2
5737	2
5738	2
5739	2
5740	2
5741	1
5742	2
5743	0
5744	0
5745	1
5746	2
5747	2
5748	2
5749	2
5750	2
5751	0
5752	2
5753	2
5754	0
5755	2
5756	2
5757	2
5758	1
5759	0
5760	1
5761	2
5762	0
5763	2
5764	0
5765	2
5766	2
5767	2
5768	2
5769	2
5770	0
5771	1
5772	1
5773	1
5774	2
5775	2
5776	2
5777	2
5778	1
5779	0
5780	2
5781	1
5782	1
5783	1
5784	1
5785	1
5786	2
5787	1
5788	1
5789	2
5790	1
5791	0
5792	1
5793	1
5794	1
5795	1
5796	1
5797	2
5798	2
5799	1
5800	1
5801	1
5802	2
5803	0
5804	0
5805	0
5806	2
5807	2
5808	1
5809	1
5810	0
5811	2
5812	2
5813	0
5814	1
5815	2
5816	2
5817	2
5818	1
5819	2
5820	0
5821	2
5822	0
5823	2
5824	2
5825	1
5826	1
5827	1
5828	2
5829	2
5830	2
5831	2
5832	2
5833	2
5834	1
5835	2
5836	2
5837	2
5838	2
5839	2
5840	2
5841	2
5842	2
5843	2
5844	2
5845	2
5846	0
5847	2
5848	2
5849	1
5850	1
5851	1
5852	1
5853	0
5854	2
5855	1
5856	0
5857	2
5858	2
5859	2
5860	2
5861	1
5862	1
5863	2
5864	0
5865	2
5866	2
5867	1
5868	2
5869	1
5870	0
5871	1
5872	1
5873	1
5874	2
5875	1
5876	2
5877	0
5878	2
5879	2
5880	2
5881	2
5882	2
5883	2
5884	2
5885	0
5886	2
5887	0
5888	0
5889	2
5890	1
5891	1
5892	0
5893	1
5894	1
5895	2
5896	2
5897	1
5898	2
5899	0
5900	2
5901	2
5902	0
5903	2
5904	2
5905	2
5906	2
5907	2
5908	0
5909	1
5910	1
5911	1
5912	2
5913	1
5914	1
5915	2
5916	2
5917	2
5918	1
5919	2
5920	2
5921	2
5922	1
5923	2
5924	2
5925	2
5926	2
5927	0
5928	1
5929	0
5930	2
5931	1
5932	1
5933	2
5934	0
5935	1
5936	0
5937	1
5938	2
5939	0
5940	0
5941	1
5942	1
5943	2
5944	2
5945	1
5946	2
5947	2
5948	2
5949	0
5950	1
5951	1
5952	2
5953	1
5954	1
5955	0
5956	2
5957	1
5958	1
5959	1
5960	2
5961	1
5962	1
5963	2
5964	1
5965	2
5966	2
5967	2
5968	2
5969	1
5970	0
5971	1
5972	1
5973	2
5974	2
5975	1
5976	2
5977	0
5978	0
5979	0
5980	1
5981	1
5982	2
5983	1
5984	2
5985	2
5986	2
5987	1
5988	2
5989	1
5990	1
5991	1
5992	1
5993	1
5994	1
5995	1
5996	2
5997	2
5998	2
5999	1
6000	1
6001	1
6002	0
6003	2
6004	2
6005	2
6006	2
6007	1
6008	2
6009	1
6010	2
6011	1
6012	1
6013	1
6014	0
6015	2
6016	2
6017	1
6018	1
6019	2
6020	1
6021	2
6022	2
6023	2
6024	2
6025	2
6026	2
6027	2
6028	2
6029	0
6030	2
6031	0
6032	2
6033	2
6034	1
6035	1
6036	2
6037	2
6038	2
6039	0
6040	2
6041	2
6042	2
6043	2
6044	0
6045	2
6046	2
6047	1
6048	2
6049	2
6050	1
6051	1
6052	1
6053	2
6054	1
6055	0
6056	2
6057	1
6058	2
6059	1
6060	1
6061	2
6062	1
6063	1
6064	2
6065	0
6066	2
6067	2
6068	2
6069	2
6070	0
6071	2
6072	1
6073	1
6074	0
6075	1
6076	2
6077	1
6078	2
6079	2
6080	1
6081	1
6082	0
6083	1
6084	2
6085	2
6086	2
6087	0
6088	1
6089	2
6090	2
6091	2
6092	1
6093	0
6094	1
6095	0
6096	1
6097	0
6098	2
6099	2
6100	1
6101	2
6102	2
6103	0
6104	0
6105	2
6106	2
6107	1
6108	1
6109	1
6110	2
6111	1
6112	1
6113	2
6114	2
6115	1
6116	2
6117	1
6118	1
6119	1
6120	2
6121	0
6122	1
6123	0
6124	0
6125	0
6126	2
6127	2
6128	0
6129	1
6130	1
6131	2
6132	1
6133	2
6134	2
6135	1
6136	2
6137	1
6138	2
6139	2
6140	1
6141	2
6142	0
6143	1
6144	2
6145	0
6146	0
6147	2
6148	1
6149	1
6150	1
6151	2
6152	2
6153	2
6154	0
6155	0
6156	0
6157	0
6158	2
6159	2
6160	2
6161	2
6162	1
6163	2
6164	1
6165	1
6166	2
6167	2
6168	1
6169	1
6170	2
6171	2
6172	2
6173	2
6174	1
6175	2
6176	2
6177	1
6178	2
6179	2
6180	1
6181	2
6182	1
6183	1
6184	2
6185	2
6186	0
6187	1
6188	1
6189	2
6190	2
6191	1
6192	1
6193	2
6194	2
6195	0
6196	2
6197	2
6198	0
6199	1
6200	2
6201	2
6202	1
6203	2
6204	1
6205	1
6206	1
6207	2
6208	1
6209	2
6210	2
6211	2
6212	2
6213	0
6214	1
6215	1
6216	2
6217	1
6218	2
6219	1
6220	1
6221	2
6222	2
6223	2
6224	2
6225	2
6226	2
6227	1
6228	0
6229	0
6230	2
6231	1
6232	2
6233	2
6234	0
6235	0
6236	2
6237	1
6238	0
6239	2
6240	2
6241	0
6242	1
6243	0
6244	1
6245	1
6246	2
6247	2
6248	1
6249	1
6250	1
6251	1
6252	0
6253	0
6254	2
6255	2
6256	1
6257	2
6258	1
6259	1
6260	1
6261	1
6262	2
6263	1
6264	2
6265	2
6266	2
6267	2
6268	0
6269	2
6270	1
6271	2
6272	2
6273	1
6274	2
6275	2
6276	1
6277	1
6278	2
6279	2
6280	0
6281	2
6282	2
6283	1
6284	2
6285	1
6286	2
6287	2
6288	2
6289	1
6290	0
6291	0
6292	1
6293	1
6294	0
6295	1
6296	2
6297	2
6298	1
6299	2
6300	1
6301	1
6302	2
6303	1
6304	2
6305	2
6306	1
6307	2
6308	2
6309	2
6310	1
6311	1
6312	1
6313	1
6314	0
6315	2
6316	2
6317	2
6318	2
6319	1
6320	0
6321	2
6322	1
6323	0
6324	2
6325	1
6326	2
6327	0
6328	2
6329	2
6330	2
6331	1
6332	0
6333	1
6334	1
6335	2
6336	2
6337	2
6338	2
6339	1
6340	1
6341	0
6342	0
6343	1
6344	2
6345	1
6346	1
6347	1
6348	2
6349	0
6350	2
6351	1
6352	2
6353	1
6354	1
6355	1
6356	2
6357	2
6358	2
6359	2
6360	2
6361	2
6362	2
6363	0
6364	2
6365	2
6366	2
6367	1
6368	0
6369	1
6370	2
6371	2
6372	0
6373	2
6374	1
6375	0
6376	1
6377	2
6378	2
6379	2
6380	0
6381	0
6382	0
6383	1
6384	1
6385	1
6386	1
6387	1
6388	1
6389	1
6390	1
6391	1
6392	2
6393	1
6394	1
6395	2
6396	2
6397	2
6398	2
6399	2
6400	2
6401	2
6402	2
6403	2
6404	2
6405	2
6406	2
6407	2
6408	1
6409	1
6410	2
6411	2
6412	2
6413	2
6414	2
6415	2
6416	1
6417	2
6418	1
6419	2
6420	1
6421	1
6422	2
6423	1
6424	0
6425	1
6426	2
6427	1
6428	1
6429	2
6430	1
6431	2
6432	2
6433	1
6434	0
6435	2
6436	1
6437	2
6438	2
6439	2
6440	0
6441	1
6442	1
6443	0
6444	2
6445	0
6446	1
6447	2
6448	1
6449	2
6450	2
6451	2
6452	2
6453	1
6454	2
6455	2
6456	2
6457	2
6458	2
6459	2
6460	2
6461	2
6462	2
6463	1
6464	2
6465	2
6466	2
6467	2
6468	0
6469	1
6470	1
6471	2
6472	2
6473	0
6474	0
6475	2
6476	2
6477	2
6478	2
6479	1
6480	2
6481	0
6482	2
6483	2
6484	2
6485	0
6486	2
6487	0
6488	1
6489	2
6490	2
6491	2
6492	2
6493	2
6494	2
6495	2
6496	2
6497	2
6498	2
6499	1
6500	2
6501	2
6502	2
6503	1
6504	2
6505	2
6506	2
6507	1
6508	0
6509	2
6510	2
6511	1
6512	1
6513	2
6514	1
6515	1
6516	2
6517	2
6518	0
6519	1
6520	0
6521	2
6522	2
6523	0
6524	0
6525	1
6526	0
6527	2
6528	1
6529	0
6530	1
6531	0
6532	1
6533	1
6534	1
6535	1
6536	1
6537	2
6538	2
6539	1
6540	1
6541	2
6542	1
6543	2
6544	2
6545	2
6546	0
6547	2
6548	1
6549	2
6550	1
6551	0
6552	0
6553	2
6554	1
6555	1
6556	2
6557	1
6558	0
6559	1
6560	2
6561	2
6562	1
6563	1
6564	1
6565	1
6566	1
6567	1
6568	0
6569	2
6570	2
6571	2
6572	1
6573	1
6574	0
6575	2
6576	1
6577	1
6578	2
6579	0
6580	2
6581	2
6582	1
6583	0
6584	1
6585	1
6586	0
6587	2
6588	0
6589	0
6590	0
6591	2
6592	2
6593	1
6594	2
6595	2
6596	0
6597	1
6598	2
6599	0
6600	2
6601	2
6602	0
6603	1
6604	0
6605	1
6606	1
6607	1
6608	0
6609	0
6610	2
6611	1
6612	1
6613	2
6614	2
6615	2
6616	1
6617	1
6618	1
6619	2
6620	2
6621	1
6622	0
6623	0
6624	2
6625	1
6626	2
6627	1
6628	1
6629	1
6630	0
6631	0
6632	1
6633	0
6634	2
6635	2
6636	2
6637	0
6638	1
6639	2
6640	2
6641	1
6642	2
6643	2
6644	1
6645	0
6646	2
6647	2
6648	2
6649	1
6650	1
6651	2
6652	1
6653	2
6654	0
6655	2
6656	1
6657	2
6658	0
6659	2
6660	0
6661	0
6662	0
6663	1
6664	0
6665	1
6666	0
6667	1
6668	0
6669	1
6670	0
6671	2
6672	1
6673	1
6674	1
6675	0
6676	2
6677	2
6678	1
6679	2
6680	0
6681	0
6682	2
6683	2
6684	0
6685	0
6686	0
6687	0
6688	0
6689	2
6690	2
6691	2
6692	0
6693	2
6694	2
6695	2
6696	2
6697	1
6698	1
6699	0
6700	2
6701	2
6702	2
6703	2
6704	1
6705	2
6706	2
6707	1
6708	2
6709	1
6710	2
6711	1
6712	1
6713	1
6714	1
6715	2
6716	1
6717	2
6718	0
6719	0
6720	0
6721	0
6722	1
6723	2
6724	1
6725	1
6726	1
6727	0
6728	2
6729	2
6730	1
6731	0
6732	2
6733	1
6734	1
6735	2
6736	2
6737	2
6738	0
6739	2
6740	0
6741	2
6742	2
6743	2
6744	2
6745	2
6746	0
6747	2
6748	1
6749	2
6750	1
6751	1
6752	1
6753	2
6754	1
6755	2
6756	2
6757	2
6758	2
6759	1
6760	0
6761	2
6762	0
6763	1
6764	2
6765	0
6766	2
6767	2
6768	2
6769	2
6770	2
6771	2
6772	1
6773	2
6774	2
6775	0
6776	1
6777	2
6778	1
6779	1
6780	2
6781	1
6782	2
6783	0
6784	2
6785	1
6786	2
6787	2
6788	2
6789	1
6790	1
6791	2
6792	1
6793	2
6794	1
6795	2
6796	2
6797	2
6798	2
6799	1
6800	1
6801	2
6802	2
6803	1
6804	1
6805	2
6806	2
6807	0
6808	1
6809	2
6810	2
6811	2
6812	2
6813	1
6814	2
6815	2
6816	1
6817	1
6818	2
6819	2
6820	2
6821	2
6822	2
6823	2
6824	2
6825	1
6826	1
6827	0
6828	2
6829	1
6830	2
6831	2
6832	0
6833	2
6834	2
6835	2
6836	2
6837	1
6838	2
6839	1
6840	1
6841	1
6842	1
6843	1
6844	0
6845	1
6846	0
6847	1
6848	2
6849	2
6850	2
6851	0
6852	2
6853	1
6854	2
6855	2
6856	1
6857	1
6858	2
6859	2
6860	1
6861	0
6862	2
6863	2
6864	0
6865	1
6866	0
6867	2
6868	2
6869	1
6870	1
6871	2
6872	1
6873	0
6874	2
6875	2
6876	0
6877	0
6878	1
6879	2
6880	2
6881	2
6882	1
6883	2
6884	2
6885	2
6886	1
6887	0
6888	0
6889	1
6890	1
6891	1
6892	0
6893	0
6894	1
6895	2
6896	0
6897	1
6898	2
6899	1
6900	2
6901	2
6902	0
6903	2
6904	2
6905	0
6906	0
6907	2
6908	2
6909	1
6910	0
6911	2
6912	1
6913	2
6914	2
6915	2
6916	1
6917	1
6918	1
6919	0
6920	1
6921	2
6922	0
6923	1
6924	2
6925	2
6926	2
6927	2
6928	0
6929	0
6930	2
6931	2
6932	0
6933	2
6934	2
6935	1
6936	2
6937	1
6938	1
6939	2
6940	2
6941	1
6942	1
6943	1
6944	1
6945	1
6946	2
6947	2
6948	0
6949	2
6950	0
6951	2
6952	1
6953	2
6954	1
6955	1
6956	1
6957	2
6958	1
6959	1
6960	0
6961	1
6962	2
6963	2
6964	2
6965	2
6966	1
6967	2
6968	2
6969	2
6970	2
6971	2
6972	1
6973	2
6974	2
6975	2
6976	2
6977	2
6978	1
6979	0
6980	2
6981	1
6982	2
6983	1
6984	0
6985	1
6986	2
6987	2
6988	0
6989	1
6990	1
6991	0
6992	0
6993	1
6994	2
6995	2
6996	2
6997	0
6998	1
6999	2
7000	1
7001	0
7002	2
7003	2
7004	1
7005	2
7006	2
7007	2
7008	0
7009	2
7010	2
7011	2
7012	2
7013	1
7014	2
7015	1
7016	1
7017	1
7018	2
7019	2
7020	2
7021	2
7022	1
7023	0
7024	2
7025	2
7026	1
7027	0
7028	2
7029	1
7030	1
7031	1
7032	2
7033	2
7034	0
7035	0
7036	2
7037	1
7038	2
7039	1
7040	1
7041	2
7042	1
7043	1
7044	2
7045	1
7046	1
7047	2
7048	0
7049	1
7050	1
7051	0
7052	1
7053	1
7054	2
7055	1
7056	2
7057	2
7058	1
7059	1
7060	2
7061	1
7062	1
7063	1
7064	2
7065	1
7066	0
7067	1
7068	0
7069	0
7070	1
7071	2
7072	1
7073	1
7074	2
7075	2
7076	0
7077	1
7078	2
7079	2
7080	2
7081	2
7082	1
7083	1
7084	2
7085	0
7086	1
7087	1
7088	1
7089	0
7090	1
7091	1
7092	1
7093	0
7094	2
7095	1
7096	2
7097	2
7098	0
7099	2
7100	2
7101	1
7102	1
7103	1
7104	2
7105	1
7106	2
7107	1
7108	2
7109	0
7110	0
7111	1
7112	0
7113	2
7114	2
7115	0
7116	0
7117	1
7118	1
7119	2
7120	1
7121	0
7122	1
7123	2
7124	2
7125	0
7126	1
7127	0
7128	1
7129	1
7130	2
7131	0
7132	0
7133	1
7134	0
7135	2
7136	1
7137	0
7138	1
7139	2
7140	1
7141	2
7142	2
7143	2
7144	1
7145	1
7146	1
7147	0
7148	1
7149	1
7150	2
7151	0
7152	1
7153	1
7154	2
7155	0
7156	1
7157	1
7158	1
7159	0
7160	1
7161	0
7162	1
7163	2
7164	0
7165	0
7166	2
7167	1
7168	0
7169	2
7170	0
7171	2
7172	2
7173	0
7174	1
7175	0
7176	0
7177	2
7178	2
7179	2
7180	0
7181	1
7182	1
7183	1
7184	0
7185	2
7186	2
7187	2
7188	2
7189	2
7190	1
7191	0
7192	0
7193	2
7194	0
7195	2
7196	2
7197	2
7198	2
7199	1
7200	2
7201	1
7202	2
7203	2
7204	0
7205	2
7206	1
7207	2
7208	2
7209	2
7210	2
7211	0
7212	2
7213	2
7214	1
7215	0
7216	2
7217	2
7218	1
7219	1
7220	2
7221	1
7222	2
7223	0
7224	1
7225	1
7226	2
7227	2
7228	2
7229	1
7230	2
7231	2
7232	0
7233	1
7234	2
7235	0
7236	1
7237	0
7238	2
7239	1
7240	1
7241	0
7242	1
7243	2
7244	1
7245	2
7246	2
7247	0
7248	1
7249	1
7250	2
7251	2
7252	2
7253	0
7254	1
7255	2
7256	1
7257	2
7258	1
7259	0
7260	1
7261	1
7262	2
7263	0
7264	1
7265	0
7266	2
7267	2
7268	2
7269	2
7270	1
7271	0
7272	0
7273	2
7274	1
7275	0
7276	2
7277	2
7278	0
7279	2
7280	1
7281	2
7282	1
7283	2
7284	0
7285	0
7286	1
7287	1
7288	1
7289	1
7290	1
7291	1
7292	0
7293	1
7294	2
7295	1
7296	2
7297	1
7298	2
7299	2
7300	2
7301	2
7302	1
7303	2
7304	0
7305	0
7306	1
7307	2
7308	2
7309	1
7310	1
7311	1
7312	0
7313	1
7314	2
7315	1
7316	2
7317	2
7318	1
7319	2
7320	0
7321	1
7322	2
7323	0
7324	1
7325	1
7326	1
7327	2
7328	1
7329	1
7330	1
7331	1
7332	2
7333	2
7334	2
7335	2
7336	2
7337	0
7338	1
7339	0
7340	1
7341	0
7342	1
7343	1
7344	1
7345	1
7346	2
7347	2
7348	2
7349	1
7350	1
7351	1
7352	2
7353	2
7354	1
7355	2
7356	2
7357	1
7358	1
7359	2
7360	2
7361	2
7362	2
7363	2
7364	2
7365	2
7366	1
7367	2
7368	1
7369	2
7370	2
7371	1
7372	2
7373	1
7374	1
7375	1
7376	0
7377	1
7378	1
7379	2
7380	2
7381	2
7382	1
7383	1
7384	2
7385	1
7386	2
7387	1
7388	1
7389	1
7390	0
7391	0
7392	0
7393	2
7394	1
7395	1
7396	2
7397	2
7398	0
7399	1
7400	1
7401	0
7402	2
7403	1
7404	2
7405	1
7406	2
7407	2
7408	2
7409	2
7410	1
7411	2
7412	1
7413	2
7414	1
7415	0
7416	1
7417	1
7418	2
7419	1
7420	2
7421	0
7422	0
7423	1
7424	1
7425	2
7426	2
7427	0
7428	0
7429	1
7430	0
7431	0
7432	2
7433	2
7434	1
7435	1
7436	2
7437	2
7438	2
7439	2
7440	1
7441	2
7442	2
7443	0
7444	1
7445	2
7446	2
7447	1
7448	1
7449	0
7450	1
7451	0
7452	0
7453	2
7454	1
7455	0
7456	2
7457	2
7458	0
7459	1
7460	1
7461	1
7462	0
7463	2
7464	0
7465	1
7466	1
7467	2
7468	0
7469	2
7470	1
7471	0
7472	2
7473	2
7474	2
7475	1
7476	1
7477	2
7478	2
7479	0
7480	1
7481	2
7482	2
7483	2
7484	1
7485	1
7486	2
7487	2
7488	2
7489	0
7490	2
7491	2
7492	2
7493	1
7494	2
7495	2
7496	0
7497	0
7498	1
7499	1
7500	2
7501	1
7502	1
7503	2
7504	1
7505	1
7506	2
7507	1
7508	2
7509	2
7510	2
7511	1
7512	1
7513	0
7514	0
7515	1
7516	2
7517	1
7518	2
7519	1
7520	2
7521	0
7522	1
7523	1
7524	2
7525	1
7526	0
7527	1
7528	2
7529	1
7530	2
7531	1
7532	0
7533	2
7534	2
7535	2
7536	0
7537	1
7538	2
7539	0
7540	2
7541	1
7542	0
7543	2
7544	2
7545	2
7546	2
7547	2
7548	2
7549	1
7550	2
7551	2
7552	1
7553	2
7554	2
7555	1
7556	1
7557	1
7558	1
7559	1
7560	1
7561	2
7562	0
7563	1
7564	1
7565	0
7566	2
7567	1
7568	1
7569	1
7570	2
7571	0
7572	2
7573	2
7574	1
7575	0
7576	2
7577	1
7578	2
7579	2
7580	2
7581	1
7582	2
7583	1
7584	0
7585	0
7586	2
7587	0
7588	2
7589	2
7590	2
7591	2
7592	2
7593	2
7594	2
7595	2
7596	1
7597	2
7598	0
7599	0
7600	1
7601	2
7602	2
7603	2
7604	0
7605	1
7606	0
7607	0
7608	2
7609	2
7610	0
7611	1
7612	1
7613	2
7614	2
7615	2
7616	2
7617	1
7618	1
7619	2
7620	0
7621	2
7622	2
7623	2
7624	1
7625	2
7626	1
7627	1
7628	0
7629	2
7630	1
7631	2
7632	1
7633	2
7634	1
7635	1
7636	2
7637	1
7638	2
7639	2
7640	1
7641	0
7642	2
7643	2
7644	0
7645	2
7646	1
7647	1
7648	2
7649	1
7650	2
7651	1
7652	2
7653	0
7654	0
7655	2
7656	2
7657	0
7658	2
7659	2
7660	1
7661	2
7662	1
7663	2
7664	0
7665	2
7666	2
7667	2
7668	1
7669	0
7670	2
7671	2
7672	2
7673	1
7674	2
7675	2
7676	2
7677	2
7678	0
7679	0
7680	2
7681	2
7682	1
7683	2
7684	2
7685	1
7686	2
7687	0
7688	1
7689	0
7690	0
7691	0
7692	0
7693	2
7694	1
7695	2
7696	2
7697	2
7698	1
7699	2
7700	2
7701	2
7702	0
7703	1
7704	1
7705	2
7706	2
7707	2
7708	2
7709	1
7710	2
7711	1
7712	1
7713	2
7714	1
7715	0
7716	0
7717	1
7718	1
7719	1
7720	2
7721	0
7722	2
7723	2
7724	1
7725	1
7726	2
7727	1
7728	0
7729	2
7730	1
7731	2
7732	0
7733	2
7734	2
7735	0
7736	2
7737	0
7738	1
7739	1
7740	2
7741	1
7742	1
7743	1
7744	1
7745	2
7746	1
7747	0
7748	0
7749	1
7750	1
7751	0
7752	0
7753	1
7754	1
7755	2
7756	1
7757	2
7758	2
7759	2
7760	2
7761	1
7762	0
7763	1
7764	2
7765	1
7766	0
7767	2
7768	1
7769	0
7770	1
7771	2
7772	2
7773	1
7774	0
7775	1
7776	1
7777	2
7778	1
7779	0
7780	1
7781	2
7782	0
7783	1
7784	1
7785	1
7786	2
7787	1
7788	2
7789	2
7790	2
7791	1
7792	0
7793	0
7794	2
7795	1
7796	1
7797	0
7798	1
7799	1
7800	0
7801	0
7802	1
7803	2
7804	2
7805	1
7806	1
7807	1
7808	2
7809	2
7810	1
7811	0
7812	0
7813	0
7814	1
7815	2
7816	2
7817	2
7818	2
7819	1
7820	2
7821	0
7822	2
7823	2
7824	2
7825	2
7826	1
7827	2
7828	0
7829	1
7830	1
7831	2
7832	1
7833	2
7834	2
7835	0
7836	0
7837	1
7838	1
7839	1
7840	2
7841	2
7842	2
7843	1
7844	1
7845	2
7846	2
7847	2
7848	2
7849	1
7850	2
7851	2
7852	0
7853	2
7854	1
7855	2
7856	2
7857	2
7858	2
7859	2
7860	2
7861	1
7862	1
7863	2
7864	1
7865	0
7866	1
7867	0
7868	2
7869	1
7870	1
7871	2
7872	1
7873	2
7874	2
7875	2
7876	1
7877	1
7878	2
7879	2
7880	2
7881	1
7882	2
7883	0
7884	2
7885	1
7886	0
7887	1
7888	2
7889	1
7890	2
7891	2
7892	1
7893	0
7894	2
7895	2
7896	1
7897	0
7898	1
7899	0
7900	2
7901	0
7902	0
7903	1
7904	1
7905	1
7906	2
7907	1
7908	2
7909	2
7910	2
7911	2
7912	0
7913	1
7914	2
7915	2
7916	1
7917	2
7918	1
7919	2
7920	2
7921	1
7922	2
7923	0
7924	2
7925	1
7926	0
7927	1
7928	2
7929	1
7930	2
7931	0
7932	1
7933	1
7934	1
7935	2
7936	0
7937	1
7938	0
7939	2
7940	0
7941	1
7942	2
7943	1
7944	1
7945	1
7946	1
7947	0
7948	2
7949	1
7950	2
7951	1
7952	1
7953	2
7954	0
7955	1
7956	1
7957	2
7958	1
7959	1
7960	1
7961	1
7962	0
7963	1
7964	2
7965	2
7966	1
7967	2
7968	2
7969	0
7970	2
7971	2
7972	1
7973	2
7974	1
7975	1
7976	2
7977	1
7978	0
7979	0
7980	1
7981	2
7982	2
7983	1
7984	2
7985	1
7986	2
7987	2
7988	2
7989	1
7990	2
7991	1
7992	2
7993	2
7994	0
7995	2
7996	1
7997	0
7998	1
7999	1
8000	2
8001	2
8002	2
8003	1
8004	1
8005	2
8006	1
8007	1
8008	1
8009	0
8010	2
8011	2
8012	1
8013	1
8014	0
8015	1
8016	2
8017	0
8018	2
8019	1
8020	0
8021	1
8022	1
8023	0
8024	0
8025	1
8026	2
8027	2
8028	0
8029	1
8030	0
8031	1
8032	0
8033	2
8034	2
8035	0
8036	1
8037	1
8038	2
8039	2
8040	2
8041	1
8042	2
8043	0
8044	1
8045	1
8046	2
8047	0
8048	1
8049	2
8050	2
8051	2
8052	1
8053	1
8054	2
8055	2
8056	1
8057	2
8058	2
8059	0
8060	1
8061	2
8062	1
8063	0
8064	0
8065	1
8066	2
8067	1
8068	2
8069	1
8070	1
8071	2
8072	0
8073	1
8074	1
8075	1
8076	1
8077	2
8078	2
8079	1
8080	2
8081	2
8082	1
8083	2
8084	1
8085	1
8086	2
8087	0
8088	2
8089	1
8090	2
8091	0
8092	1
8093	0
8094	2
8095	2
8096	2
8097	2
8098	2
8099	1
8100	2
8101	1
8102	2
8103	0
8104	2
8105	2
8106	0
8107	1
8108	2
8109	2
8110	0
8111	1
8112	2
8113	1
8114	2
8115	2
8116	2
8117	2
8118	2
8119	0
8120	2
8121	1
8122	1
8123	0
8124	2
8125	1
8126	0
8127	0
8128	2
8129	0
8130	2
8131	1
8132	0
8133	1
8134	2
8135	1
8136	2
8137	0
8138	1
8139	1
8140	1
8141	0
8142	2
8143	1
8144	2
8145	1
8146	0
8147	0
8148	2
8149	2
8150	2
8151	2
8152	2
8153	2
8154	1
8155	0
8156	2
8157	0
8158	1
8159	1
8160	2
8161	0
8162	1
8163	0
8164	2
8165	1
8166	2
8167	2
8168	2
8169	2
8170	2
8171	2
8172	0
8173	1
8174	2
8175	2
8176	1
8177	2
8178	2
8179	2
8180	1
8181	1
8182	2
8183	0
8184	0
8185	1
8186	2
8187	0
8188	1
8189	0
8190	1
8191	1
8192	1
8193	1
8194	2
8195	2
8196	1
8197	2
8198	1
8199	2
8200	0
8201	1
8202	1
8203	1
8204	2
8205	1
8206	2
8207	0
8208	0
8209	0
8210	1
8211	2
8212	2
8213	1
8214	2
8215	0
8216	2
8217	2
8218	1
8219	0
8220	1
8221	2
8222	1
8223	0
8224	2
8225	1
8226	0
8227	1
8228	0
8229	2
8230	2
8231	2
8232	1
8233	0
8234	1
8235	1
8236	1
8237	1
8238	1
8239	0
8240	0
8241	2
8242	2
8243	2
8244	2
8245	0
8246	2
8247	2
8248	0
8249	2
8250	2
8251	0
8252	1
8253	2
8254	2
8255	1
8256	2
8257	0
8258	1
8259	1
8260	2
8261	2
8262	1
8263	2
8264	1
8265	0
8266	2
8267	2
8268	2
8269	0
8270	2
8271	2
8272	0
8273	2
8274	2
8275	2
8276	2
8277	2
8278	0
8279	2
8280	0
8281	1
8282	2
8283	2
8284	1
8285	1
8286	2
8287	1
8288	2
8289	0
8290	0
8291	1
8292	2
8293	1
8294	2
8295	1
8296	2
8297	1
